5.0851130945e-08
3.3701764017e-08
2.2189483181e-08
-3.5575507646e-08
-1.0780296260e-10
1.8691635354e-09
-6.9339169785e-09
-5.3936431353e-11
3.4867004421e-10
2.9990835456e-10
-3.0263181709e-11
-3.5849777281e-09
-5.2941701660e-10
6.2606821486e-09
8.2863134316e-11
7.0984088688e-09
1.5245652337e-08
1.2356249839e-08
-2.1237300301e-09
-1.7417177046e-09
2.5044747094e-08
-4.2649572045e-09
-3.5133784876e-09
-6.2687107993e-09
8.8377223171e-10
-1.0457183118e-08
-5.1491813262e-09
1.7762472665e-08
3.3701764017e-08
5.8197815837e-07
9.1352966226e-07
-7.6565644365e-07
-2.4583465181e-08
2.9897261052e-08
-1.3214141135e-06
-5.0453604069e-08
4.7657140207e-08
7.3763026990e-08
-5.4416240900e-09
-4.1324417510e-07
-4.3017265151e-08
7.2039891593e-07
3.1303409233e-07
1.8356313537e-06
2.1065356600e-06
-2.1203229313e-07
-4.3513031404e-07
-2.0383719071e-07
-5.1799574616e-07
-5.6396946383e-07
-2.5580373567e-07
9.8173386333e-08
5.8355289315e-08
-1.0673929687e-07
3.6285309593e-08
9.3076024635e-08
2.2189483181e-08
9.1352966226e-07
1.9320850584e-05
-1.5344157186e-06
-5.8313980022e-08
5.5637326174e-08
-7.2064902476e-05
-7.5390644327e-08
3.2359760050e-06
2.2106724126e-07
-1.4763686807e-08
-1.4216487612e-06
-1.6108306017e-07
2.4769421894e-06
7.4362094914e-07
1.3531594578e-05
9.7897499107e-05
-1.7993413868e-05
-1.8698009725e-06
-2.6948314772e-08
-2.7207863213e-04
-1.9620305639e-05
4.6512450879e-07
3.5362240923e-06
2.4603617275e-11
-1.1206178984e-05
-5.0490885764e-08
1.9139642030e-05
-3.5575507646e-08
-7.6565644365e-07
-1.5344157186e-06
1.1712735894e-06
3.8841876181e-08
-2.5126187018e-08
2.6125055401e-06
9.2598498063e-08
-6.9774669860e-08
-1.2074518903e-07
7.4160497762e-09
7.7385334608e-07
5.2143998438e-08
-1.3439497104e-06
-6.2325074559e-07
-3.6662964940e-06
-4.2611156131e-06
1.1486991729e-06
8.9951991104e-07
4.3668407534e-07
2.0615957195e-06
1.1581251168e-06
5.4138810963e-07
-3.9757906799e-07
-1.3209902123e-07
3.3125765860e-07
-1.5296771169e-07
-3.8106389227e-07
-1.0780296260e-10
-2.4583465181e-08
-5.8313980022e-08
3.8841876181e-08
3.6588976340e-07
-2.9318518224e-09
9.2598498063e-08
4.9119207456e-07
-6.1740524292e-09
-6.5926704966e-07
2.8652065799e-08
3.9101626006e-08
7.4160497762e-09
-3.7029091505e-08
7.3431051219e-08
2.1680801647e-07
5.3978759869e-08
7.7746375564e-09
8.9632397348e-07
-3.2462645481e-08
4.6097836561e-09
1.1774860465e-06
-1.0048539256e-08
-7.6985178246e-09
-1.3410972871e-07
1.5085407972e-07
-1.9054750581e-09
3.1190997214e-07
1.8691635354e-09
2.9897261052e-08
5.5637326174e-08
-2.5126187018e-08
-2.9318518224e-09
3.6856685597e-07
-6.9774669860e-08
-6.1740524292e-09
4.9743431060e-07
7.4160497762e-09
-1.5990094624e-08
2.6609295579e-08
-6.6286344701e-07
1.1745966319e-08
7.1065281306e-08
3.1110530158e-07
2.6051559457e-07
-4.8268707317e-09
-8.2069882328e-08
9.2442431227e-07
-3.7507559979e-08
-7.3182348946e-08
1.1704092890e-06
5.9525423792e-09
-2.8182616423e-07
-1.9268692300e-07
-1.0344166263e-08
2.7101951072e-08
-6.9339169785e-09
-1.3214141135e-06
-7.2064902476e-05
2.6125055401e-06
9.2598498063e-08
-6.9774669860e-08
2.9583615752e-04
-1.0695144258e-06
-1.2845311921e-05
-3.8226502816e-07
2.1622489530e-08
3.0672365539e-06
2.9839487921e-07
-5.3321244195e-06
-1.3087167072e-06
-3.4886909898e-05
-3.8348180466e-04
5.4730113031e-05
4.6034223921e-06
-6.5730771755e-08
1.1918165348e-03
7.4104560880e-05
-3.1668185586e-06
-1.0188676254e-05
1.8411981598e-08
3.7624209874e-05
4.0303413413e-07
-6.4525630840e-05
-5.3936431353e-11
-5.0453604069e-08
-7.5390644327e-08
9.2598498063e-08
4.9119207456e-07
-6.1740524292e-09
-1.0695144258e-06
1.3192970705e-05
2.1528964755e-08
-1.5747074597e-06
6.5844736022e-08
1.2248416701e-07
2.1622489530e-08
-1.2466642846e-07
1.5301983431e-07
1.9995237572e-06
1.0361439887e-05
-2.8174708523e-06
5.9105885869e-06
-1.3036951713e-09
-3.1941956776e-05
6.8057805423e-05
8.8874647091e-08
-1.0404444006e-05
-8.7625040095e-09
-1.1670940271e-06
-1.7867713303e-08
4.3310305772e-06
3.4867004421e-10
4.7657140207e-08
3.2359760050e-06
-6.9774669860e-08
-6.1740524292e-09
4.9743431060e-07
-1.2845311921e-05
2.1528964755e-08
1.3924581650e-05
2.1622489530e-08
-4.5449799318e-08
9.8584444461e-09
-1.5942223291e-06
1.1627507159e-07
1.4862403305e-07
2.8577285634e-06
2.2904431016e-05
-3.9252797554e-06
-3.8944656047e-07
6.2340278621e-06
-6.5351200543e-05
-4.5220346234e-06
7.1079804451e-05
7.5430868943e-07
-1.1778219977e-06
-2.5206397866e-06
-1.1050998540e-05
4.2917179699e-06
2.9990835456e-10
7.3763026990e-08
2.2106724126e-07
-1.2074518903e-07
-6.5926704966e-07
7.4160497762e-09
-3.8226502816e-07
-1.5747074597e-06
2.1622489530e-08
1.7812976549e-06
-4.8282907349e-08
-1.3478496057e-07
-2.2268013649e-08
1.3883015415e-07
-2.9637514887e-07
-8.5980774770e-07
-2.0333263115e-07
2.9559204806e-07
-3.6059716199e-06
1.2861566507e-07
1.2657377610e-07
-4.8223321231e-06
3.6289520496e-08
1.3834571662e-06
5.3760099179e-07
-6.1072596357e-07
-4.4294735389e-08
-1.2683764080e-06
-3.0263181709e-11
-5.4416240900e-09
-1.4763686807e-08
7.4160497762e-09
2.8652065799e-08
-1.5990094624e-08
2.1622489530e-08
6.5844736022e-08
-4.5449799318e-08
-4.8282907349e-08
4.8839067136e-07
3.3412578511e-09
4.8964212060e-08
-5.8611400405e-09
3.3829582079e-08
7.0057686497e-08
5.1863130279e-09
2.1743442621e-09
3.3102682681e-07
2.7088309789e-07
-1.0511001563e-09
3.0727343548e-07
7.8222959477e-08
-4.2387021695e-09
1.1580575638e-06
6.7362512844e-09
8.3401897639e-09
1.1519209998e-07
-3.5849777281e-09
-4.1324417510e-07
-1.4216487612e-06
7.7385334608e-07
3.9101626006e-08
2.6609295579e-08
3.0672365539e-06
1.2248416701e-07
9.8584444461e-09
-1.3478496057e-07
3.3412578511e-09
1.1163968167e-06
-3.1142297259e-08
-1.0860764869e-06
-7.1801536237e-07
-4.2701190633e-06
-5.2479863161e-06
2.6812331748e-06
8.9112973168e-07
9.1342619561e-07
4.5748871737e-06
1.3851647559e-06
1.0071063952e-06
-8.9272601008e-07
-2.5385030700e-07
1.6989460410e-06
-3.8676473354e-07
-6.9079201876e-07
-5.2941701660e-10
-4.3017265151e-08
-1.6108306017e-07
5.2143998438e-08
7.4160497762e-09
-6.6286344701e-07
2.9839487921e-07
2.1622489530e-08
-1.5942223291e-06
-2.2268013649e-08
4.8964212060e-08
-3.1142297259e-08
1.7891682780e-06
-4.3425842445e-08
-2.8694794173e-07
-1.2551149775e-06
-1.0952640868e-06
4.3744864858e-07
3.3395646773e-07
-3.7206624664e-06
6.1215569909e-07
3.0884120804e-07
-4.7914654666e-06
-1.5607993341e-07
1.1447488397e-06
7.8873282296e-07
1.4383354743e-06
-1.3495776452e-07
6.2606821486e-09
7.2039891593e-07
2.4769421894e-06
-1.3439497104e-06
-3.7029091505e-08
1.1745966319e-08
-5.3321244195e-06
-1.2466642846e-07
1.1627507159e-07
1.3883015415e-07
-5.8611400405e-09
-1.0860764869e-06
-4.3425842445e-08
2.3667070442e-06
1.2414266843e-06
7.4605959204e-06
9.1784260279e-06
-4.6523818459e-06
-2.1184384206e-06
-8.7492390689e-07
-7.9418214615e-06
-2.5783304602e-06
-1.1298999545e-06
1.5317073123e-06
3.0855140227e-07
-9.2567421172e-07
6.5990815647e-07
2.3181099721e-06
8.2863134316e-11
3.1303409233e-07
7.4362094914e-07
-6.2325074559e-07
7.3431051219e-08
7.1065281306e-08
-1.3087167072e-06
1.5301983431e-07
1.4862403305e-07
-2.9637514887e-07
3.3829582079e-08
-7.1801536237e-07
-2.8694794173e-07
1.2414266843e-06
7.8512486086e-06
3.9828678788e-06
2.6786238516e-06
-2.7707518269e-06
-1.6706535951e-07
7.3263255582e-08
-4.9664584294e-07
-2.9814833523e-08
1.3075730774e-08
5.3421892062e-08
-1.6233683688e-09
-2.3645793374e-07
-1.8669343368e-08
4.0921393056e-07
7.0984088688e-09
1.8356313537e-06
1.3531594578e-05
-3.6662964940e-06
2.1680801647e-07
3.1110530158e-07
-3.4886909898e-05
1.9995237572e-06
2.8577285634e-06
-8.5980774770e-07
7.0057686497e-08
-4.2701190633e-06
-1.2551149775e-06
7.4605959204e-06
3.9828678788e-06
4.5664488711e-05
6.6895753653e-05
-5.1987496071e-05
-2.8795128158e-06
1.3521131090e-06
-8.6941672911e-05
-4.2909680714e-06
2.1447644987e-06
4.8950355265e-06
-1.2938586114e-07
-2.6268128883e-05
-2.2305787701e-06
4.5452404248e-05
1.5245652337e-08
2.1065356600e-06
9.7897499107e-05
-4.2611156131e-06
5.3978759869e-08
2.6051559457e-07
-3.8348180466e-04
1.0361439887e-05
2.2904431016e-05
-2.0333263115e-07
5.1863130279e-09
-5.2479863161e-06
-1.0952640868e-06
9.1784260279e-06
2.6786238516e-06
6.6895753653e-05
5.5501351043e-04
-1.0588512475e-04
-5.3297595327e-06
2.6362124136e-06
-1.5824104159e-03
-5.9435685226e-05
3.3061602455e-05
1.2466452218e-05
-3.1328355548e-07
-7.4503923663e-05
-6.1486938131e-06
1.2891881379e-04
1.2356249839e-08
-2.1203229313e-07
-1.7993413868e-05
1.1486991729e-06
7.7746375564e-09
-4.8268707317e-09
5.4730113031e-05
-2.8174708523e-06
-3.9252797554e-06
2.9559204806e-07
2.1743442621e-09
2.6812331748e-06
4.3744864858e-07
-4.6523818459e-06
-2.7707518269e-06
-5.1987496071e-05
-1.0588512475e-04
8.5084983635e-05
2.8988675278e-06
-1.3034455935e-06
1.7642663333e-04
6.6233330406e-06
-3.3347046124e-06
-7.2010193200e-06
1.1933013333e-07
5.1876350546e-05
3.4404820758e-06
-8.9777706244e-05
-2.1237300301e-09
-4.3513031404e-07
-1.8698009725e-06
8.9951991104e-07
8.9632397348e-07
-8.2069882328e-08
4.6034223921e-06
5.9105885869e-06
-3.8944656047e-07
-3.6059716199e-06
3.3102682681e-07
8.9112973168e-07
3.3395646773e-07
-2.1184384206e-06
-1.6706535951e-07
-2.8795128158e-06
-5.3297595327e-06
2.8988675278e-06
3.1632263936e-05
-7.7289008767e-08
6.6233330406e-06
3.4383710490e-05
-1.6412883605e-07
-4.0157519859e-05
1.0766692456e-06
2.7224825213e-06
1.1933013333e-07
-2.5438251864e-07
-1.7417177046e-09
-2.0383719071e-07
-2.6948314772e-08
4.3668407534e-07
-3.2462645481e-08
9.2442431227e-07
-6.5730771755e-08
-1.3036951713e-09
6.2340278621e-06
1.2861566507e-07
2.7088309789e-07
9.1342619561e-07
-3.7206624664e-06
-8.7492390689e-07
7.3263255582e-08
1.3521131090e-06
2.6362124136e-06
-1.3034455935e-06
-7.7289008767e-08
3.1606093013e-05
-3.3347046124e-06
-1.6412883605e-07
3.4318101868e-05
1.1933013333e-07
-2.2311587518e-06
5.5106542795e-07
-4.0082751245e-05
1.1819064151e-06
2.5044747094e-08
-5.1799574616e-07
-2.7207863213e-04
2.0615957195e-06
4.6097836561e-09
-3.7507559979e-08
1.1918165348e-03
-3.1941956776e-05
-6.5351200543e-05
1.2657377610e-07
-1.0511001563e-09
4.5748871737e-06
6.1215569909e-07
-7.9418214615e-06
-4.9664584294e-07
-8.6941672911e-05
-1.5824104159e-03
1.7642663333e-04
6.6233330406e-06
-3.3347046124e-06
5.2590608764e-03
1.6684304386e-04
-9.5268424269e-05
-1.9337893458e-05
3.6403993809e-07
1.4456963051e-04
9.9487107876e-06
-2.5020513581e-04
-4.2649572045e-09
-5.6396946383e-07
-1.9620305639e-05
1.1581251168e-06
1.1774860465e-06
-7.3182348946e-08
7.4104560880e-05
6.8057805423e-05
-4.5220346234e-06
-4.8223321231e-06
3.0727343548e-07
1.3851647559e-06
3.0884120804e-07
-2.5783304602e-06
-2.9814833523e-08
-4.2909680714e-06
-5.9435685226e-05
6.6233330406e-06
3.4383710490e-05
-1.6412883605e-07
1.6684304386e-04
4.4812373542e-04
-3.7650716295e-06
-7.5050891566e-05
1.9406025601e-06
6.7052922255e-06
3.6403993809e-07
-3.8349209196e-06
-3.5133784876e-09
-2.5580373567e-07
4.6512450879e-07
5.4138810963e-07
-1.0048539256e-08
1.1704092890e-06
-3.1668185586e-06
8.8874647091e-08
7.1079804451e-05
3.6289520496e-08
7.8222959477e-08
1.0071063952e-06
-4.7914654666e-06
-1.1298999545e-06
1.3075730774e-08
2.1447644987e-06
3.3061602455e-05
-3.3347046124e-06
-1.6412883605e-07
3.4318101868e-05
-9.5268424269e-05
-3.7650716295e-06
4.4844097979e-04
3.6403993809e-07
-3.8890657240e-06
-8.9904536003e-08
-7.4854082105e-05
4.0040541138e-06
-6.2687107993e-09
9.8173386333e-08
3.5362240923e-06
-3.9757906799e-07
-7.6985178246e-09
5.9525423792e-09
-1.0188676254e-05
-1.0404444006e-05
7.5430868943e-07
1.3834571662e-06
-4.2387021695e-09
-8.9272601008e-07
-1.5607993341e-07
1.5317073123e-06
5.3421892062e-08
4.8950355265e-06
1.2466452218e-05
-7.2010193200e-06
-4.0157519859e-05
1.1933013333e-07
-1.9337893458e-05
-7.5050891566e-05
3.6403993809e-07
9.9033127842e-05
-1.5569906730e-06
-6.5621704988e-06
-3.0584060152e-07
4.5609180582e-06
8.8377223171e-10
5.8355289315e-08
2.4603617275e-11
-1.3209902123e-07
-1.3410972871e-07
-2.8182616423e-07
1.8411981598e-08
-8.7625040095e-09
-1.1778219977e-06
5.3760099179e-07
1.1580575638e-06
-2.5385030700e-07
1.1447488397e-06
3.0855140227e-07
-1.6233683688e-09
-1.2938586114e-07
-3.1328355548e-07
1.1933013333e-07
1.0766692456e-06
-2.2311587518e-06
3.6403993809e-07
1.9406025601e-06
-3.8890657240e-06
-1.5569906730e-06
3.6951559832e-05
8.8299345717e-09
3.4108611627e-06
-1.4825957860e-08
-1.0457183118e-08
-1.0673929687e-07
-1.1206178984e-05
3.3125765860e-07
1.5085407972e-07
-1.9268692300e-07
3.7624209874e-05
-1.1670940271e-06
-2.5206397866e-06
-6.1072596357e-07
6.7362512844e-09
1.6989460410e-06
7.8873282296e-07
-9.2567421172e-07
-2.3645793374e-07
-2.6268128883e-05
-7.4503923663e-05
5.1876350546e-05
2.7224825213e-06
5.5106542795e-07
1.4456963051e-04
6.7052922255e-06
-8.9904536003e-08
-6.5621704988e-06
8.8299345717e-09
7.4035734594e-05
4.4221451860e-07
-6.4181058730e-05
-5.1491813262e-09
3.6285309593e-08
-5.0490885764e-08
-1.5296771169e-07
-1.9054750581e-09
-1.0344166263e-08
4.0303413413e-07
-1.7867713303e-08
-1.1050998540e-05
-4.4294735389e-08
8.3401897639e-09
-3.8676473354e-07
1.4383354743e-06
6.5990815647e-07
-1.8669343368e-08
-2.2305787701e-06
-6.1486938131e-06
3.4404820758e-06
1.1933013333e-07
-4.0082751245e-05
9.9487107876e-06
3.6403993809e-07
-7.4854082105e-05
-3.0584060152e-07
3.4108611627e-06
4.4221451860e-07
9.8845397510e-05
-3.8463539658e-06
1.7762472665e-08
9.3076024635e-08
1.9139642030e-05
-3.8106389227e-07
3.1190997214e-07
2.7101951072e-08
-6.4525630840e-05
4.3310305772e-06
4.2917179699e-06
-1.2683764080e-06
1.1519209998e-07
-6.9079201876e-07
-1.3495776452e-07
2.3181099721e-06
4.0921393056e-07
4.5452404248e-05
1.2891881379e-04
-8.9777706244e-05
-2.5438251864e-07
1.1819064151e-06
-2.5020513581e-04
-3.8349209196e-06
4.0040541138e-06
4.5609180582e-06
-1.4825957860e-08
-6.4181058730e-05
-3.8463539658e-06
1.4806290700e-04
